% http://docs.opencv.org/3.0-beta/doc/tutorials/calib3d/camera_calibration/camera_calibration.html

% from openCV Ubuntu
CK = [ 1.3559821134744434e+03, 0, 6.2174707831888486e+02;
       0, 1.3555062538994091e+03, 8.0842143927532607e+02;
       0, 0, 1 ];
 
distortion_coeff = [ 1.6820820166667730e-01, -7.1655601987751039e-01, ...
                     2.6380131907915976e-03, 1.7601971916157247e-04, ...
                     1.6305547406520311e+00 ];
